2019-11-12 11 101322265 0 0
2019-11-13 13 95526322 0 0
2019-10-25 5 22443075 0 0
2019-11-14 16 235486991 0 0
2019-11-16 8 79944214 0 0
2019-11-17 3 9392306 0 0
2019-11-18 1 1149012 0 0
2019-11-19 9 143806640 0 0
2019-10-2 3 25722274 0 0
2019-10-27 6 54645700 0 0
2019-11-3 7 24572215 0 0
2019-10-11 1 1118604 0 0
2019-10-13 6 29428232 0 0
2019-10-20 1 1533457 0 0
2019-11-4 2 12548077 0 0
2019-11-5 7 64125374 0 0
2019-10-1 1 4739270 0 0
2019-10-3 5 39046724 0 0
2019-10-4 5 59127567 0 0
2019-10-10 7 110173495 0 0
2019-10-6 1 14781183 0 0
2019-10-9 3 18966746 0 0
2019-10-12 2 30063110 0 0
2019-10-15 3 14371481 0 0
2019-10-17 2 6382733 0 0
2019-10-23 2 19067222 0 0
2019-10-24 3 19492742 0 0
2019-10-26 2 12176925 0 0
2019-11-1 1 811075 0 0
2019-10-28 1 6183715 0 0
2019-10-29 3 12228354 0 0
2019-11-2 4 22725973 0 0
2019-11-6 9 94577986 0 0
2019-11-7 2 27557347 0 0
2019-11-9 1 25456211 0 0
2019-11-8 1 6613858 0 0
2019-11-15 13 163829357 0 0
2019-11-20 2 20390394 0 0
2019-11-21 11 341556156 1 42872423
2019-11-22 5 49708503 0 0
2019-11-23 2 8386968 0 0
2019-11-25 3 33405347 0 0
2019-11-26 3 18626128 0 0
2019-11-27 1 6608392 0 0
2019-12-1 1 2914635 0 0
2019-12-4 3 73712143 2 30234586
2019-12-6 2 4537965 0 0
2019-12-5 1 45062948 1 45062948
2019-12-8 1 15583209 0 0
2019-12-9 1 130615383 0 0
2019-12-12 1 3357077 0 0
2019-12-10 1 351330716 0 0
2019-10-5 0 0 1 3870284
2019-11-11 0 0 1 20049376
