1572181158 4239474713:-55492583 26.704704025785162 58.38503326294793
1572731712 3271738136:279961760 4.871416578575628 52.28654249727082
1574765963 2652025174:-1642942122 -75.84556292749554 39.75538673348702
1576195213 1062358291:1062358291 0.0 0.0
1573371736 2052138153:2052138153 0.0 0.0
1573029614 2072833867:2072833867 -122.391617 37.779564
1573739175 1950524174:1950524174 -122.56745838560164 42.216401346959174
1577653860 2921825467:-1373141829 -71.10276318161851 42.3950401554279
1578634264 1350404911:1350404911 0.0 0.0
1574437595 3139446532:-807865548 0.0 0.0
1578877195 2658733422:-1636233874 -75.85936874356779 45.28279443369154
1576612012 2994523886:-1300443410 -119.43886927340127 48.940899591007216
1578423447 2737933226:-747742778 0.0 0.0
1578572576 1653629103:1653629103 0.0 0.0
1574769376 4252498338:-579917729 -8.397803870746959 41.56043426021549
1576990381 3049572011:-1245395285 0.0 0.0
1574874073 1977017361:1977017361 88.4435514 26.7096329
1573942956 3078961914:-1216005382 8.670816533674198 49.86870145585624
1575245271 1408328594:1408328594 -73.62616455 45.46991522
1577280717 195325195:195325195 0.0 0.0
1573427172 4067775719:-227191577 0.0 0.0
1575047186 694922431:694922431 0.0 0.0
1572725892 989654165:989654165 0.0 0.0
1574017407 345249872:345249872 -3.5310996177474543 54.48740267438946
1575925301 2696532763:-1598434533 0.0 0.0
1571985150 1145246518:1145246518 -83.31100649208139 37.26696920584632
1573459480 2836550921:-1458416375 6.779124223173001 51.223558235790286
1570636656 1429992306:1429992306 138.49372755759137 -34.91140489302613
1572438301 2207477567:1442221597 -80.52419870168019 25.018207272538
1570439005 4086259803:-208707493 0.0 0.0
1573944007 1379572644:1379572644 0.0 0.0
1575529315 245484428:245484428 0.0 0.0
1571493759 993153030:993153030 151.28571414789147 -33.79630253414014
1574041641 104793999:2003787377 0.0 0.0
1570733722 2236434055:-2058533241 0.0 0.0
1578372055 3824381075:-470586221 -105.99616961105153 32.85594801690336
1570785879 3069028591:-1225938705 0.0 0.0
1573055536 2416954:2416954 -84.42913106 34.09295691
1571281127 1292268572:1292268572 0.0 0.0
1572353267 328957874:328957874 0.0 0.0
1571263119 3686820313:-608146983 -1.2667889872238653 51.15025152699851
1570838055 501572982:501572982 -72.974275 41.58215499999999
1575154492 2250554088:-2044413208 -122.52012619760121 47.17704583429468
1572818613 1253196193:1253196193 -88.25227629393339 40.114653375931084
1571315428 1508143877:1508143877 0.0 0.0
1570722125 365777187:365777187 0.0 0.0
1574137302 10287500:10287500 0.0 0.0
1573570674 2375561970:-1919405326 -121.99168245168589 37.30673250345131
1573151456 1294290753:1294290753 -80.663031 28.40323509
1572608233 4201774570:-93192726 0.0 0.0
1571447749 4276337592:-18629704 -56.23982722318585 -34.87154260479944
1571002047 426789231:426789231 -1.6444784727931563 54.56444710725823
1575812559 1743651435:1743651435 10.290724127514851 47.51171953395524
1570693595 718181391:1508178451 0.0 0.0
1578004191 2454961444:1466013972 -84.64734169662431 40.56854952596181
1577157662 2008966413:2008966413 0.0 0.0
1578527544 3833174104:2021002123 0.0 0.0
1574027825 2163018434:-2131948862 7.041309141055481 43.54902545446907
1569975735 1314:97978528 -157.8175232 21.3007577
1578865750 3216077215:-1078890081 -83.23718695458378 34.52234568852455
1575030930 770642789:770642789 -8.177735244923907 52.62488569343024
1573743456 3195872749:-945328627 0.0 0.0
1571339489 2921086385:-1373880911 0.0 0.0
1574667828 4017774225:-277193071 0.0 0.0
1571366027 610183293:610183293 7.340870454262945 47.785997273162494
1570794626 3000111371:-1294855925 153.28921827588218 -27.61964422017565
1577736781 2503186213:-1791781083 0.0 0.0
1575481429 2265571475:-2029395821 -80.61583444483635 28.239532839533165
1578020152 231735871:231735871 0.0 0.0
1573586760 534761688:534761688 0.0 0.0
1571647787 104706041:104706041 75.0266144 21.1293761
1576290883 1667184221:1667184221 0.0 0.0
1571902539 803293759:-360556700 0.0 0.0
1570751078 812956087:812956087 0.0 0.0
1571168590 890321586:890321586 0.0 0.0
1571368034 2146218755:2146218755 -119.84677014872432 39.51458580326289
1570465186 1019991130:1019991130 -78.55065985 37.11567482
1571815765 2128567994:2128567994 0.0 0.0
1573582985 1998912952:1998912952 0.0 0.0
1573898112 1024384215:1024384215 0.0 0.0
1577846572 844485555:844485555 -118.0831935 33.8963533
1574693810 1485129772:1695909568 -121.90865130670036 37.32989493042102
1575539541 3618694043:-676273253 -70.74626332079471 42.18999300309458
1578288589 1827626922:1827626922 -157.91998940914985 21.64114093551748
1574929159 526961736:526961736 -80.0294148735702 40.410834210924804
1575658472 3214461578:-1080505718 0.0 0.0
1571509994 2776459971:-1518507325 -93.3009645436828 45.009928448167635
1571306799 367989618:367989618 0.0 0.0
1575900038 618380903:618380903 0.0 0.0
1569951107 2544793018:-1750174278 -76.49285439408989 44.22743583567834
1569891371 1754207595:1754207595 0.0 0.0
1570113403 799016146:799016146 18.02372608333826 50.7507581776008
1576599968 126786114:126786114 -77.34764507255557 39.48356862830968
1577303753 1689675885:1689675885 30.520060057174838 50.45721433039395
1572470301 2081347143:2081347143 0.0 0.0
1571366431 1534206237:1534206237 106.6528518677182 -6.302032374620889
1571720951 1247554557:1247554557 -122.20801705 47.97568342
1570073119 1474827859:1474827859 0.0 0.0
1570844010 2347106470:-1947860826 -120.57881196395275 37.33961083476822
1573694844 131023097:131023097 0.0 0.0
1572495495 1181971117:1181971117 -122.30181641 47.61378749
1573119979 2070257338:2070257338 -157.95715981177796 21.672943616306103
1575977411 460399681:460399681 -122.84871097045843 49.180856335027165
1577858057 822313879:822313879 0.0 0.0
1573484786 4013136809:-281830487 0.0 0.0
1575468518 990093179:990093179 0.0 0.0
1572594609 2401561594:1374604179 0.0 0.0
1573441574 683416045:683416045 -92.99303179 43.67511813
1577607810 1607373214:1607373214 0.0 0.0
1573746606 923031283:923031283 123.0 -45.0
1573445385 949444724:949444724 0.0 0.0
1571288968 4292646096:-2321200 -117.29245262282305 34.12920409504712
1571340424 153764674:153764674 0.0 0.0
1573333098 929976710:929976710 0.0 0.0
1572665795 3744704136:-224644824 -3.5158389899912437 50.73150100656853
1574089544 1638737686:-1139213951 0.0 0.0
1578269364 2946739191:-1348228105 0.0 0.0
1576473719 74144659:74144659 -100.30239986341886 31.38025703656681
1573126178 2528451847:-1766515449 19.473754412822508 51.84625469526991
1570551830 3374763795:-1336353603 -119.70630333344796 34.40298875513442
1574670465 927578976:927578976 0.0 0.0
1571469671 3834293748:-460673548 0.0 0.0
1570738336 3640419052:-654548244 0.0 0.0
1571930768 3261275688:-1033691608 -84.43227563106554 39.174725580541164
1578232441 3539255366:-755711930 -85.88961786598516 38.11049292798909
1571875584 1246241164:1246241164 -81.20039600204382 36.152714478549676
1575098577 1463188337:1463188337 -117.15327736263859 32.749142385553434
1574763769 40109851:40109851 121.5321337 25.0357293
1575397979 357955286:357955286 -118.03514327 34.0710122
1573087180 2132706477:2132706477 -117.91727345 33.64226676
1576976071 2118673096:2118673096 -122.18890165 48.19756539
1570011531 1803514229:1803514229 -92.84836575 49.80722114
1571115372 3883457341:-411509955 0.0 0.0
1570411362 3868435401:-426531895 6.9552152113342 51.679292578729054
1570517058 1252902160:1252902160 13.558836888194765 46.82014853708384
1571593024 3326921994:-968045302 0.0 0.0
1570922710 3353588152:-952038342 0.0 0.0
1570075073 2409306854:-1885660442 -82.43923087190261 42.839103990692834
1571851433 3493091850:-801875446 -84.08014369119847 39.77303561194506
1572112977 1528238186:1528238186 -122.05877033483588 47.54397095702377
1572258249 315194703:315194703 145.00920227676096 -37.812348990518025
1574249064 3382869364:-912097932 10.713127718536043 59.944046025090984
1575993059 709919232:709919232 -76.04231942 42.13457815
1574078350 4132652405:-162314891 0.0 0.0
1570447310 1222364486:1222364486 0.0 0.0
1570676337 1373329451:1373329451 -71.22195548 42.7748222
1570845057 901511086:901511086 -75.83300020190195 45.34425589476706
1570191730 275558425:275558425 -117.1319838280938 32.71457411290333
1570245448 266039988:266039988 43.934303 -59.916134
1571435630 2002352198:2002352198 -80.3368119 25.803929
1570792315 3796465984:-498501312 0.0 0.0
1570760177 4216504626:-78462670 6.225023584325851 46.22192346409724
1571593626 91056195:91056195 -123.0539643 44.0591264
1575683883 524688960:524688960 144.97991654513135 -37.80217060571412
1571930302 2582755653:-1712211643 0.0 0.0
1574777835 1353432868:1353432868 120.99956673581246 14.394518835483487
1570492403 2752911833:-1542055463 0.0 0.0
1573335459 576963981:576963981 0.0 0.0
1570873529 2461400626:-1833566670 37.636957559769634 55.819431482866236
1578877355 3712018550:-582948746 -81.57635018197 42.57728874407872
1575213072 638233916:638233916 5.857256367448616 50.99340956508017
1576792959 2124697366:2124697366 -157.97673414 21.6869736
1578955885 1637681012:1714370352 -80.66475607 28.14013858
1573111187 2489778451:-1805188845 -117.93819158781876 33.81679066298251
1573427009 4288614720:-6352576 0.0 0.0
1573645904 1433508901:1433508901 19.044718173143906 50.24414060330828
1576906335 719158479:719158479 129.5053095384404 42.91759140459016
1570078051 892729836:892729836 -106.74484365 35.18911225
1570643142 1964678653:1964678653 -77.0321832597973 38.99252692706789
1572473332 2715106061:-1579861235 -114.4580216334336 42.57087467242272
1573592880 3750196788:-544770508 11.04411690900584 47.28663693541553
1571193843 884837929:884837929 0.0 0.0
1574022049 2012177204:2012177204 0.0 0.0
1572162329 1109612676:1109612676 -0.3960899356752634 51.68667918071151
1570376907 1346936857:1346936857 -106.74427032425609 35.11123165705406
1576053054 1270572187:1270572187 -119.55070903 48.38958354
1572615015 18909406:18909406 0.0 0.0
1570555913 2824781461:-1470185835 -117.76401008422117 33.708203706278894
1573974765 1575223963:1575223963 -81.14080655 37.40554431
1572903757 4042126021:903557387 10.43916746043641 43.709840616252
1573167257 298517202:298517202 0.0 0.0
1572780362 2327940016:-1967027280 -88.63587651692585 34.516934727331005
1569985378 3988696848:-306270448 -90.57670403011515 41.47084351880202
1571650360 2026073816:2026073816 -93.09357614256442 44.9302913993597
1571700820 2099887900:2099887900 -70.7474999875489 -33.39597472924124
1571650528 1978545488:1978545488 77.4484229 28.6906835
1571991450 1689379986:1689379986 0.0 0.0
1574022406 3340621292:-954346004 18.185819660712497 43.98317716837603
1571543460 1792257626:1792257626 -120.20468521854325 34.620044192203906
1573010282 2849904885:-1445062411 -111.67523550757676 33.46412846976176
1570279896 1103366513:1103366513 -115.27501364 41.06178683
1574092292 2831717007:-1463250289 -98.15694957049392 29.126122947809403
1570976229 3379320493:-915646803 116.36726817816616 39.97698862301932
1570743693 2853963611:-1441003685 114.11016724592123 22.373439969930136
1572477863 3679031164:-615936132 7.841812133789059 47.42115783691405
1578955881 1637110004:642337567 -156.05928377354428 19.728249652142697
1578246659 2979567025:-1315400271 0.0 0.0
1576873564 1978496382:1978496382 -84.19509524519395 10.00886865888191
1573095078 1019690770:1019690770 0.0 0.0
1576926046 4275852434:-19114862 35.47634935009803 38.74389013279112
1573548920 3956109482:-338857814 -3.1816380426989332 55.95890034353824
1574670669 1333680617:1333680617 12.667316534974624 51.46892902341624
1570494521 1884582578:1884582578 0.0 0.0
1572642858 168196921:168196921 0.0 0.0
1573594886 141787905:141787905 -119.72609595 39.5431038
1576438679 814540953:814540953 115.86313942696424 -31.933124122347888
1570043811 4258743805:-36223491 -87.55483445916684 38.06912238118737
1573922373 1124223320:1124223320 -70.94074555 42.20982671
1571087371 3571608680:-723358616 -75.78411314959676 39.75305979764475
1573125347 296292741:296292741 -92.40150158941196 34.65130378040652
1574943660 3157124405:-1137842891 -122.71242205996319 38.396512381768225
1576265903 515781879:515781879 18.414353736517477 43.85595626724849
1572849729 339516835:339516835 73.1935791 19.1698941
1573948173 233562051:233562051 -71.08392048591465 42.366234350240376
1570377706 100345295:100345295 0.0 0.0
1572235054 3354658417:-940308879 0.0 0.0
1573096065 100678324:100678324 29.9536364 31.2356848
1573050990 991664491:991664491 21.130428286288986 52.31931019579276
1573277423 99195182:99195182 -117.09153598174453 32.66224241349846
1573672060 3188021897:-271410328 0.0 0.0
1572704784 4048014539:-246952757 0.0 0.0
1570185452 1886755104:1886755104 5.902060171609365 51.937954901618234
1576448012 1234:1237284962 -103.28821194416375 20.645721052180274
1572825608 4028694926:-266272370 0.0 0.0
1570743738 1319843624:1319843624 -77.18381306163704 38.90315551314401
1571344989 1957625636:1957625636 -42.73236260324036 -5.095364883650818
1572392200 734983333:734983333 37.779564 0.0
1572165181 2580210982:-1714756314 -73.83654022049829 40.683610552691285
1573338099 2496503107:-1798464189 0.0 0.0
1573191963 1963699251:1963699251 0.0 0.0
1576507395 1220077380:1220077380 -117.75181181 33.54450907
1573894751 1894848938:1894848938 0.0 0.0
1573405139 2900445488:-1394521808 -122.5232016552553 45.49864102371161
1573169962 1212389001:1212389001 0.0 0.0
1573517572 1010418579:1010418579 -95.95090314754839 36.154610021073516
1571243079 2277455808:-2017511488 -81.95191528282184 27.98304149433647
1572751944 1849402066:1849402066 0.0 0.0
1572703423 3927235707:997952076 -75.15180696740295 38.20343687668275
1574775176 3326798190:-968169106 15.549874752774414 38.204224272666686
1572741275 1990249627:1990249627 -93.26662866407378 44.939011009451875
1573217996 1356549056:1356549056 -85.91432159774556 38.41245505496712
1575519720 1526919182:1526919182 -87.018625 36.83660333333333
1572965173 1652198614:1652198614 -4.429371663978385 55.91232451401782
1572905947 2319911797:-1975055499 0.0 0.0
1573518202 1398972596:1398972596 -2.0008507626576026 50.755141584275734
1576661101 3262811102:-1032156194 -97.49972898522158 42.87227093711763
1575987998 241398172:241398172 -118.48028104763335 34.016755870575096
1572179903 2074172538:2074172538 -122.12581515 37.70292629
1576808270 3767085107:-527882189 121.23259107763482 25.077734235411235
1572704175 1609531714:1258719586 -77.415830846948 38.85917181152744
1577435665 2376788833:2033080354 0.0 0.0
1578955852 1637110704:-678406104 -156.05924211370373 19.72830119852228
1574023927 1581531645:1086962108 0.0 0.0
1578955878 1637681016:891493421 -156.3269297 20.75688735
1578955886 1637110002:-854484645 -156.05928780571745 19.728237972712922
1571597229 3699446776:-595520520 0.0 0.0
1576808328 4238525323:-56441973 0.0 0.0
1570402072 366927101:366927101 0.0 0.0
1571324437 76374995:76374995 4.808330127352436 50.942541520546925
1576887289 2828128097:-1466839199 -92.5298107602564 45.10322871156512
1578629658 1540475098:1540475098 0.0 0.0
1573546790 408981404:408981404 0.0 0.0
1573036750 1688911557:1688911557 0.0 0.0
1572287798 1591646970:1591646970 153.33626438876598 -28.826044189393322
1570764221 3128194251:-1166773045 0.0 0.0
1573041342 1226605148:1226605148 0.0 0.0
1574363479 2053051014:2053051014 0.0 0.0
1574844709 3208111852:-1086855444 -117.87875726347768 33.653512092762426
1573903784 199206767:199206767 -122.7437364 45.6003333
1573702662 3000622899:-1294344397 3.8760242890602683 43.61274460800328
1575389264 2032158866:2032158866 0.0 0.0
1576029048 2056971094:2056971094 -82.89037434391946 42.5366265513399
1575287775 1304354944:1304354944 -2.6241005604949295 57.10403942079718
1575614653 1637662003:70780678 -156.0592332 19.7285116
1571518053 1740511966:1740511966 7.497025569907852 51.48919668053416
1570903810 3765848868:-529118428 0.0 0.0
1573519373 389738941:389738941 0.0 0.0
1574244416 2137760357:2137760357 -86.5902842 30.78741418
1578699597 3597513408:-697453888 -121.90307171045848 49.23243482544425
1570746186 1119867543:1119867543 -76.44773072078851 43.3239023099475
1570557834 2060335384:2060335384 -1.200735 53.1351424
1575855095 1170322047:1170322047 0.0 0.0
1574838570 429228153:429228153 0.0 0.0
1578384693 3060090478:-1234876818 -119.58186597955539 37.00408167615517
1574220670 2370335687:-1924631609 -73.37239068551904 40.68678530234206
1575104428 3511232559:-1365725525 -118.31138756015635 33.7678960003651
1572023409 3331722201:-963245095 -81.71073741085644 41.405813175686305
1572966701 1992263576:1992263576 0.0 0.0
1572023968 1190531855:1190531855 0.0 0.0
1572121569 587674328:587674328 -116.05981965499298 36.254518889936485
1572990890 1100294307:1100294307 -117.91726198 33.64227635
1570649830 209968336:209968336 0.0 0.0
1574506650 1756289453:1756289453 -84.01823217 37.79865324
1575113145 2651405606:-1643561690 0.0 0.0
1573785158 4104643036:-190324260 -79.22327145948087 37.99866480580576
1578301336 3297058526:-1545273170 -73.78655197848254 40.892110831235
1570450413 57950345:57950345 0.0 0.0
1570557983 1546285372:1546285372 30.168595566620418 59.60249499147181
1578955891 3731598953:-563368343 -154.99498308502194 19.578825637222945
1572284689 957519012:957519012 -122.15186540317679 39.16946804723888
1573905366 385628710:385628710 -97.3442543 32.73903969
1573384375 1685327361:1685327361 -78.75880183659378 39.65886400550572
1573128973 220690821:220690821 0.0 0.0
1571123329 3520801305:-774165991 -122.02963532891313 37.29369695767508
1574272866 3198539456:-1096427840 -117.328487810818 33.24195977817488
1570321288 967110776:967110776 -85.30346396 35.11079502
1575066521 2330496872:658516616 -105.05779919720334 40.41426958328958
1572265585 1390306924:1390306924 0.0 0.0
1572265626 3926008902:-368958394 -80.28563870279467 39.31784163557677
1570498145 2297920262:-1997047034 -106.73520775261416 35.16612403706362
1573069587 1637662001:1292945595 -156.059235 19.7285131
1574450742 2648383848:-1646583448 -96.64408364951765 28.97046678947982
1571653367 573182963:573182963 -122.28092882 37.84717279
1571136219 1494854965:1494854965 0.0 0.0
1570563263 3355750588:-939216708 -2.510665738015215 53.06000215122071
1570341561 2388522317:-1906444979 -106.74666876577234 35.19992523548587
1571123770 1911869715:-988183261 0.0 0.0
1574557195 3817335574:-477631722 24.024429135046923 60.055118920337456
1573490614 1099867333:1099867333 -3.597033028922406 50.55292398797379
1571648126 816904861:816904861 -89.8658814 37.73064574
1574003207 877808228:877808228 7.0411325746743305 51.3438084115062
1577289992 2189763355:-1917539197 0.0 0.0
1570281936 1640136297:1640136297 12.34593 47.85315833333334
1570218828 1580752661:1580752661 5.3222181 51.2216299
1571800170 2023824842:2023824842 -98.45257914 34.63049947
1571882214 3641294629:-653672667 -117.20931652026604 32.7252598370978
1570496055 1142011209:1142011209 -111.55354457917767 45.92733286325441
1572781865 393117596:393117596 4.593839473241048 51.93812744222104
1572781891 2947927353:-1347039943 -79.50534918458956 44.11690770027845
1574053338 549215859:549215859 -107.90251251 38.48757835
1570587089 3096942993:-1198024303 -157.82135676148377 21.293470296873814
1570927272 2727259379:-1567707917 -77.42668397732093 38.95399046067323
1572714709 506805282:506805282 -1.8676247355022075 53.67599398458363
1572345329 349708119:349708119 0.0 0.0
1569951352 3069001240:-1225966056 -83.61951366389303 42.79245387470334
1570282652 184506966:184506966 0.0 0.0
1574291350 3009290036:-1285677260 6.134703187912858 46.18794751335054
1572978278 3291481055:-1805447638 4.8083772727106195 50.94245489341236
1571327143 387212265:387212265 -84.3306533 34.8564513
1574159585 30066732:30066732 -79.50522505940809 44.116750741715826
1574524083 2916733480:-1378233816 -89.81620925464414 34.9577625155135
1572937733 3433842382:-861124914 0.0 0.0
1573219747 892966035:892966035 0.0 0.0
1571011838 40188037:40188037 -123.09214548 48.08008191
1576007645 1376375269:1376375269 0.0 0.0
1573721149 2026651780:2026651780 0.0 0.0
1574076615 1177751175:1177751175 -122.84870510001001 49.18086518072447
1574546302 252221730:252221730 0.0 0.0
1574394954 888018639:888018639 -74.88992673 41.25243123
1575593848 1756192498:853107155 -95.59412909570729 29.760508676106657
1572177513 1890925772:1890925772 -79.50539082275425 44.11690496301741
1576549204 460610038:-355418384 -80.58419799804688 28.135299682617188
1578629827 292127607:292127607 0.0 0.0
1577214301 478466663:478466663 126.796872 37.4828934
1576892310 3678187816:-616779480 -112.13074028502416 33.4944353532358
1578150267 1502824477:1502824477 0.0 0.0
1571278659 1476810299:1476810299 145.71495793078776 -38.0186574578467
1576463455 1609533183:1609533183 -1.3938216666666667 53.41057000000001
1576025590 1447764684:1447764684 -93.22073236112914 37.18092320294413
1573979893 4244824704:-50142592 12.718449488248572 41.72589290410409
1571857609 4255034948:-39932348 -88.93489639283058 39.82897649057193
1569916600 312102633:312102633 -122.98058286320695 44.940312425647804
1570882116 3245185039:-1049782257 0.0 0.0
1574101307 1171279916:-2118455088 0.0 0.0
1573339939 1969506539:1969506539 12.572221336897995 55.673909280501
1574749770 664189287:664189287 -157.95175072198145 21.673087577539704
1574258247 4172104530:-122862766 11.501529835399635 48.13953294163125
1573548633 1953767199:1953767199 -4.8551699 55.2406611
1571167748 3560992829:-733974467 145.39953747622187 -17.14024431186043
1574373731 3350392841:-944574455 0.0 0.0
1572813011 1458641503:1458641503 -81.00616189 29.22115618
1573568884 1083278489:1083278489 0.0 0.0
1570596747 1625871036:1625871036 14.904569039626304 55.07478267640475
1574117925 2464145250:-1830822046 -121.93319591704936 37.34064848165711
1570417140 764635154:764635154 0.0 0.0
1573854634 98677667:98677667 16.04895998930432 50.781657167779315
1573551093 891664637:891664637 21.3454779 56.70258333
1572745001 4276337592:-1719420670 -56.23973940972049 -34.87161633284383
1572850366 1383201210:1383201210 0.0 0.0
1576240621 1866526351:-1078193797 29.410940769355303 62.43349545384974
1573673283 4034210812:-260756484 -104.22316075875719 32.45447274323613
1575567338 1637110000:2031898675 -80.60421831950443 28.251361997122245
1576409304 879867078:879867078 -82.93636496 36.46626649
1572677885 1029432154:1029432154 10.843132992163667 59.91656106757331
1572913571 3047156299:-1247810997 -2.5602439274779667 51.54271086363165
1576414818 131778166:131778166 -1.1359559387310516 52.952460424624114
1571860040 719436543:719436543 0.0 0.0
1576021010 585577936:585577936 0.0 0.0
1576600746 3734122963:-560844333 0.0 0.0
1573468186 3930113458:-364853838 -74.26800090451923 40.27547950167118
1571522492 101149443:101149443 -77.89205739281876 34.0700242482443
1575445306 507348171:507348171 0.0 0.0
1572916922 2563148827:-1731818469 116.3335011356208 40.070632696892204
1572092508 3580737623:-714229673 0.0 0.0
1572880241 3900667676:-394299620 0.0 0.0
1572880884 836543199:836543199 -0.2550105191767216 39.15699227247387
1573375158 813495142:813495142 0.0 0.0
1570767330 1159883655:1159883655 -71.01737763866907 42.36710553149659
1573471899 62985798:62985798 -122.6769302 45.5233947
1573067532 1227852495:1227852495 0.0 0.0
1572715805 3239743010:-1055224286 -84.08154052599528 36.94946403717432
1573314787 3251599347:-1043367949 0.0 0.0
1575793848 1116750215:1116750215 5.323708940871898 51.6986778968274
1576423424 1927966468:1927966468 2.6148242860679622 48.79372969324045
1574240173 1015399566:1015399566 -98.54394827 29.29099294
1574274791 1322638148:1322638148 -1.3205632 54.5705157
1575920585 1051853790:1051853790 20.997406838203784 56.513656967821944
1574419259 1859830953:1859830953 0.0 0.0
1573602027 207036210:207036210 -81.7298749057092 28.004245233071803
1574714822 2055162390:2055162390 -122.38607224076986 47.6673179352656
1578318832 600622868:600622868 -98.51901470468819 29.50776335568032
1574967227 3531572672:-763394624 0.013880129999999994 51.496764149999976
1573408394 1692190236:1692190236 0.0 0.0
1570562611 2166424733:-2128542563 -96.78351848019747 32.845785566595275
1570650949 920599939:920599939 0.0 0.0
1571068386 3478122438:-816844858 0.0 0.0
1572268595 1429410482:1429410482 0.0 0.0
1578913207 243443165:243443165 0.0 0.0
1571279765 1280826592:1280826592 -78.18979732 43.35378555
1571916100 3166290765:-1128676531 -97.72241754466455 28.831580397699803
1573676650 255078833:255078833 0.0 0.0
1572170153 493999842:493999842 0.0 0.0
1576878068 1209762690:1209762690 16.2511968772543 48.09289000327812
1573084336 939150000:939150000 -84.43973880269047 33.640811378167605
1572748527 86565974:86565974 151.18990874001489 -33.9318851601927
1578137619 428889882:428889882 -73.6314903292805 45.500792185775936
1570984141 1982824681:1982824681 0.0 0.0
1577349451 1313229068:1313229068 -94.6664383449542 32.46797319970323
1571876459 3514337896:-780629400 0.0 0.0
1570087223 884032489:884032489 6.1154584 46.1879144
1572716988 2141554103:2141554103 0.0 0.0
1570166518 1543583768:1543583768 0.0 0.0
1572410261 4087567665:-207399631 -0.7644720675047522 52.43810845512407
1575838888 2743184402:-1551782894 -90.57637348099078 38.613026557969974
1572987890 2981848167:-1313119129 0.0 0.0
1573070097 1840926773:1840926773 0.0 0.0
1577796162 1769557531:1769557531 -85.19736458960888 42.26021565764695
1573345332 3470400981:-824566315 0.0 0.0
1574901339 1535474198:1535474198 -80.37548362284933 43.7138860160892
1573411184 3407739772:-887227524 80.24839913651768 12.977609711506172
1574812120 1504709791:-700132076 9.58317384698955 49.20711062931016
1570085264 966085956:966085956 0.0 0.0
1571625100 4003776340:-291190956 -105.09141633296859 39.99383209742605
1571636292 1114402952:1114402952 -90.25380444721343 38.587376782706556
1571758103 152398128:152398128 -97.83507223480296 30.508110088842248
1570147147 1655046254:1655046254 -96.88120265 46.85198713
1570845923 2058025928:2058025928 -73.99594673393248 40.75878602924228
1572483769 3177852174:-1117115122 -74.26842976091079 40.275659211178464
1578915033 2614323348:-1680643948 -79.44360617555625 43.695661746937496
1572610962 158088987:158088987 0.0 0.0
1573929476 303420328:303420328 -2.530886216968897 53.581495511325095
1576334231 858475859:-1221777821 20.079911203875632 47.71676854895285
1575117016 4072192651:-222774645 0.0 0.0
1572216972 2300895698:-1994071598 -79.41968983977979 44.603374460753614
1574146984 2016376158:-1150762733 0.0 0.0
1575884592 887555734:887555734 0.0 0.0
1570030369 1947352931:1947352931 0.0 0.0
1574750141 3738961142:-556006154 -157.95020275435664 21.677768090586966
1576268593 682255611:682255611 -119.23611475 34.25697947
1572727389 2425868332:-1869098964 -121.94380627466937 37.51569489470413
1570750558 2877036142:-1417931154 -4.2373751755843285 55.81768452660722
1573840542 431716624:431716624 -2.2411787509918213 53.48317801952362
1575901057 4068610556:-226356740 -0.1531550542281625 51.46348534509283
1571282718 1061251311:1061251311 -81.02180312395191 35.30252896252582
1572571767 1607898921:1607898921 0.0 0.0
1575834773 517798268:517798268 4.928945919770998 51.3156555881353
1578500654 1129428673:1129428673 0.0 0.0
1571485179 4035272378:-259694918 -98.08115363111804 34.98944777489606
1574121697 895596169:895596169 10.942189658324446 44.64780704303772
1571940891 245686309:245686309 -118.0219714 33.9147982
1575231167 1270323452:1270323452 0.0 0.0
1574352402 2395562292:-1899405004 0.0 0.0
1573951370 1246674312:1246674312 -111.87333211 34.59064997
1574187114 88937171:88937171 0.0 0.0
1573257430 1836427408:1836427408 -81.65599505 30.32419317
1574628663 969338285:969338285 0.0 0.0
1576197528 4139865927:-155101369 0.0 0.0
1577349178 1144930701:1144930701 0.0 0.0
1575049496 17359291:17359291 -117.13469500000001 32.711315
1573804595 544599920:544599920 0.0 0.0
1578920392 571813681:571813681 -74.44438742056983 40.54077543946266
1571946493 1871252521:1871252521 -120.8379126805812 35.314499787054956
1578317136 991576059:991576059 -0.04779300336972851 51.515091841049745
1574513767 122346811:122346811 -73.4076171448022 40.68774236133553
1572911468 2673450407:-1621516889 0.0 0.0
1573412450 520578654:520578654 0.0 0.0
1570027317 2558508402:-1736458894 0.0 0.0
1573707641 807332148:807332148 -122.391617 37.779564
1573942012 1742015758:1742015758 -1.7158376000396864 53.88017836818786
1573785727 613023627:613023627 0.0 0.0
1572937417 1949301527:1949301527 144.59452944821174 -36.87581688169099
1577433985 2620279377:-1674687919 -105.28545742874857 40.01358083665067
1573551154 3731287540:-563679756 21.345374502109603 56.702633261489
1569988988 3564991753:-729975543 121.63628121472897 31.218413572032844
1570023376 1974718430:1974718430 -96.7192466 40.8039366
1575205738 735844644:735844644 138.5717354 -34.8925644
1576860320 4220265930:-74701366 0.0 0.0
1572291927 1535387068:1535387068 0.0 0.0
1571334375 1546950765:1546950765 0.0 0.0
1572696634 972946464:972946464 0.0 0.0
1575220787 861206041:861206041 -112.0487547 33.3957644
1570801825 229940812:229940812 0.0 0.0
1573151210 1668715171:1668715171 0.0 0.0
1572455993 642876378:642876378 0.0 0.0
1569989585 1224195778:1224195778 -104.98077882 39.74572671
1570593608 3934158766:-360808530 -97.66032600892548 30.597625963155245
1570007107 479538464:479538464 0.0 0.0
1570388073 1060785424:1060785424 -118.41937042783798 34.157800879361254
1570909628 50029169:50029169 -87.97975985 37.54011177
1572869086 4080164508:-214802788 4.3007675435771855 52.05252009062114
1575237613 4040815492:-254151804 115.9083011002428 -31.838965052768437
1573982469 507850766:507850766 9.88720522262156 48.236171887256205
1578913511 3352373356:-942593940 25.4026933460647 54.70115970980307
1576708697 516908806:516908806 0.0 0.0
1573756549 1325076189:1325076189 0.0 0.0
1576310357 20794263:20794263 0.0 0.0
1578591518 3863860471:-431106825 0.0 0.0
1572485772 1683068000:1683068000 -122.36536156 37.59402983
1571919949 2125097139:2125097139 0.0 0.0
1571770251 2901070073:-1393897223 90.36966908731532 23.801595862045698
1572457910 1914110392:1914110392 12.15774536 45.84697381
1574478824 1630246755:1630246755 20.00472003 50.00524419
1572957950 860988895:860988895 10.7212961 59.9145363
1575217743 1364235856:1364235856 -104.97835305 39.67715833
1573135933 1917356393:1917356393 14.552509915097199 53.42236152855067
1572456798 1019609647:1019609647 0.0 0.0
1575324126 435217787:435217787 0.0 0.0
1573258927 767674364:767674364 0.0 0.0
1574976763 1531729945:1531729945 0.0 0.0
1572858053 1956696159:1956696159 0.0 0.0
1574611287 1848527166:1848527166 0.0 0.0
1576016640 493267878:1839741625 -122.40159223999996 37.784765519999986
1578413116 2790157974:-1504809322 -71.52564419440135 41.85584020339125
1575996547 3760321093:-534646203 -94.74318251848013 38.945881190139595
1574521559 887659266:887659266 -83.82014608949778 35.9816282010041
1576892507 2238440765:-2056526531 -157.95296310228989 21.67634075508483
1571726837 1448293471:1448293471 11.96322346460084 57.681305596107244
1578246151 1945093024:1945093024 -85.63633722 38.10619368
1577128431 1836107130:1836107130 -91.38934877520127 36.29646787924307
1575587138 3150924208:-1144043088 127.03838468463759 36.96184375505463
1573047398 618638065:618638065 24.7305577900491 59.451440088506274
1571642236 3637189961:-657777335 -117.9263019657382 33.66914231082069
1574708948 703651339:703651339 0.0 0.0
1573832265 1695684489:1695684489 -81.55557178 30.76119646
1570119416 3776643864:-518323432 0.0 0.0
1574745374 2076161944:2076161944 7.166159749031067 49.46488806512207
1574768728 3805464149:-489503147 -116.97280415534873 46.36735135431901
1570531662 713722316:713722316 0.0 0.0
1573257345 4257159570:-37807726 0.0 0.0
1575389974 3609234010:-685733286 -104.80853397408947 38.78305935304498
1575914465 1650624945:1650624945 0.0 0.0
1576256306 2618270896:-1676696400 0.0 0.0
1576741146 2327317558:-1967649738 12.333042556431455 45.44344504833728
1576162735 121158901:121158901 -96.72447494231164 32.8972032526508
1577476726 1976553811:1976553811 0.0 0.0
1575647754 1294993472:1294993472 -84.52614247806791 33.910562270352536
1572990946 1666962172:1666962172 0.0 0.0
1576980560 1050431159:1050431159 0.0 0.0
1572944657 495919705:495919705 0.0 0.0
1571984077 913715864:913715864 -87.00727667 35.64920107
1574745560 1441297631:1441297631 -111.87973438762128 40.649374458007514
1569894059 3583336980:-711630316 -77.9782501795124 39.443643596060056
1573576809 616019944:-1831830789 -71.23567498203582 42.50570155811884
1571353589 1637662001:223472967 -156.0592385 19.7285247
1574437992 1489625066:-1136977055 30.54207787396876 50.43377838675669
1577608164 2010135235:2010135235 174.79437466022924 -41.23674911704048
1571353637 163761001:1093970261 -156.0592384 19.7285248
1573350459 3203149600:-1091817696 0.0 0.0
1577783878 1505897650:1505897650 -117.6725726 34.0771722
1577681783 363816056:-345521314 45.0 45.0
1577936000 3498229491:-796737805 -104.925039829784 40.15547777064159
1570149440 36930832:36930832 -106.6931574 35.1750833
1571302126 1896448026:1896448026 -0.23042962358634014 51.53607960116349
1574030229 3010451440:41387767 0.0 0.0
1578695493 1336633059:1336633059 -77.19196613885201 38.8550655171637
1574330401 824228340:824228340 13.586495763608811 46.72713597550633
1570565539 3185654915:259240369 9.706501616712586 51.52024440904076
1571889140 411366461:411366461 -116.9811291341828 33.93210409677953
1575910829 2710363754:-550918232 0.0 0.0
1573758469 1637662002:1146327032 -156.05923621 19.72842502
1569990146 571553769:571553769 43.934303 -59.916134
1571174453 1918669400:1918669400 -85.23562398732268 35.02031922047816
1571595379 4037418363:-257548933 -72.79511251493618 41.729467255102215
1571642534 1210433646:1210433646 37.779564 0.0
1574473831 3681739973:-613227323 -118.39978351268768 34.186505042048346
1572245376 1522129101:1522129101 0.0 0.0
1575369633 1401292801:1401292801 -96.13358812 36.09342704
1573331909 1368500291:1368500291 -3.959812566741793 55.95147202920666
1576559949 2791315282:-1503652014 -94.17090475568004 36.06230791661522
1573391247 2020392618:2020392618 27.684914104093874 62.89035896257481
1573393351 3303485203:2001822520 -97.63547744245558 35.573892521563934
1573394012 452835867:452835867 0.0 0.0
1571679790 2917279636:-1377687660 52.491169804756055 29.79412194809857
1573659853 1749986941:1749986941 0.0 0.0
1576845253 1644841437:1644841437 0.0 0.0
1573292406 857000660:857000660 -121.09162626799298 38.93956080082705
1573449692 1784649387:1784649387 101.0813974 4.5973185
1572216591 4079991214:-214976082 -0.4002802160675666 51.65070696971709
1577112618 0:1855323943 -114.76184802595752 32.46661793227649
1578778580 4236028136:-58939160 19.430984516124234 51.73521814450767
1577753706 2708019552:-1586947744 -73.64641439139851 43.19797818397012
1576949820 1018545340:1018545340 0.0 0.0
1575101283 1375624091:1375624091 -84.48427042931736 37.98435475680789
1573944887 997257154:997257154 0.0 0.0
1574960045 1653162302:1653162302 0.0 0.0
1578257349 1955655096:-1592230972 -85.38288664080703 38.11749680436972
1578212550 3528133780:-766833516 -122.24315592853274 37.459855286548006
1578247260 3427819734:-867147562 -21.891371929999988 64.14546718999999
1576605955 1622100026:1622100026 -113.6257 53.6396
1574962459 376411511:376411511 18.2356166 49.8010704
1570569483 301433534:301433534 -88.49755036 42.44257627
1578183737 1126639983:1126639983 0.0 0.0
1570353490 203514280:203514280 -98.5198783 29.50743
1572721083 1000428703:1000428703 22.288446452510293 60.452026013815406
1577127799 1596638542:1596638542 0.0 0.0
1573416695 770963273:770963273 0.0 0.0
1577770050 986619888:986619888 0.0 0.0
1577734941 1751418075:1751418075 11.680381558951959 57.69469563012167
1572315689 1378863807:1378863807 126.20477349230617 37.77176757423717
1573986257 396838748:396838748 0.0 0.0
1578089912 1301832290:403400031 -3.6384196886207696 57.263300646884105
1570037558 1213905119:1213905119 144.90049166666668 -37.799533333333336
1572627933 350729362:350729362 -93.24491159327992 44.9837879391415
1578701957 160729446:160729446 -73.65566734958358 45.72094248943894
1574717717 1673260831:1673260831 14.640170544021913 42.14790291159886
1573787448 1698694032:1698694032 -85.96218833333333 41.673738333333326
1570087060 844414672:844414672 0.0 0.0
1578586585 56975535:2028018683 14.904425076960852 55.07469812157986
1571681140 7342692:7342692 26.6511658 46.7521095
1575413905 3080972769:-1213994527 -98.68072271356236 29.5790037978716
1573553803 1581531645:1581531645 -122.24307927317443 37.459954131065444
1571562075 3119903190:-1175064106 -118.30019833925674 34.07828827033723
1574468491 1637681019:1913950465 -156.0592469 19.7285169
1574360222 216967723:216967723 -77.54874541372726 38.244546346527045
1573367906 2730384519:-1564582777 0.0 0.0
1572205667 2030179744:2030179744 9.947947489304184 57.03353226369226
1575826070 675107337:675107337 -58.18685799 -34.82980519
1575519316 2567420058:-1727547238 -103.15607302831779 32.43593035734485
1577084358 2813587584:-1481379712 -114.11224691138966 50.95529514721723
1577093851 4046031965:-248935331 0.0 0.0
1574006158 3384789174:-910178122 -72.25042380886835 41.81299397251063
1576410084 3395090746:-899876550 -117.75178830150305 33.54453721552486
1569896764 1251119967:1251119967 0.0 0.0
1571270264 1637680002:2078039851 -86.26431766 39.88577505
1570318493 3198433586:-1096533710 -118.42932620489019 34.16015980545506
1571645810 1519910957:1519910957 -87.87241806 43.38738032
1578955880 1637681014:1807255410 -80.712 28.293
1576666400 526412604:526412604 0.0 0.0
1577053141 2900692790:-1394274506 -71.48342119536501 42.308951932976306
1573081415 832926169:832926169 0.0 0.0
1571334001 1358506093:1358506093 0.0 0.0
1571286485 2872120586:-1422846710 -81.95185469075467 27.983083767663626
1572443663 3337294254:-957673042 -115.5779457832648 32.81961446981292
1569898087 96:1668951833 116.27467499999999 39.90596166666667
1574664262 3437047645:-857919651 -81.95184319690375 27.98306809848619
1574969751 1203478506:616404880 -79.61200858855261 37.00684845479463
1577175803 1255427126:1255427126 0.0 0.0
1571866893 6497362:6497362 0.0 0.0
1571010468 4068483687:-226483609 0.0 0.0
1575113594 313770499:313770499 14.482463691397088 46.06898061469762
1573504045 770615111:770615111 0.0 0.0
1572426047 1617338092:1617338092 4.986822400311507 52.30074650879201
1575573168 2326787829:487295160 0.0 0.0
1573417366 78141211:78141211 0.0 0.0
1576321180 1256488628:1256488628 -76.19003607577868 43.029191771387985
1570571923 65892049:65892049 -1.5440321434303597 47.21517678820268
1571584562 800961211:800961211 -88.11539230780996 42.10403530495134
1576410153 2621942410:-1673024886 0.0 0.0
1574054442 910614680:910614680 -97.36714281 32.77592072
1575787874 3134003929:-1160963367 -122.29689725686079 47.74423270956403
1570793451 1041733258:1041733258 0.0 0.0
1571227410 86534299:86534299 0.0 0.0
1572734594 1220774037:1220774037 10.84277880120259 59.91652061403093
1572034458 4024733867:-270233429 -76.59752327029189 44.21877000704818
1577472317 1644520423:1644520423 -95.40458903 30.14507874
1576881368 1541865585:1541865585 -1.2182672 50.5917023
1576159235 1037689387:1037689387 0.0 0.0
1573578806 1637680002:2116247610 -157.8352807 21.2860594
1570231383 2072560254:2072560254 0.0 0.0
1574144689 1527778963:1527778963 -111.10799318 32.11312909
1575199048 2553312118:-499308557 -75.99602496022398 40.9009211794709
1570231506 1455004906:1455004906 0.0 0.0
1572214598 491163890:491163890 2.39717366 48.87895218
1572299416 1198120686:1198120686 140.06057 35.655055
1573945716 311951662:311951662 -111.9376261 33.4581378
1574336266 2372020941:-1922946355 -97.3928384297503 27.708623511742527
1572463473 2140987187:2140987187 -1.7144754680115075 53.86977730016307
1575623772 3357873229:948108993 0.0 0.0
1574036842 1553965144:1553965144 0.0 0.0
1571345298 1346194361:1346194361 13.257059203473158 52.292903009850804
1570170968 3286353936:-1008613360 28.257510780808 -25.754459475145005
1570966564 1161568227:1161568227 -76.60631472564042 39.237456590148575
1577218613 643346492:643346492 -1.6514849946588976 54.01036912937305
1578872088 2626193491:-1668773805 -1.811555073630989 53.617764880683545
1574624298 244635160:244635160 0.0 0.0
1574106270 1326346915:1751334363 0.0 0.0
1576091112 3246482645:-1048484651 -117.17588074339233 33.12631904839938
1578511936 3603946985:-691020311 0.0 0.0
1574439180 4059684021:-235283275 15.942459141358606 45.80405787655771
1574896202 935235155:935235155 -84.39280687658061 33.809338015793884
1577062776 1031448793:1031448793 0.0 0.0
1577437902 769534776:769534776 0.0 0.0
1573610350 2609120769:-1685846527 -97.42495610478163 37.67693965017243
1575795028 712374470:712374470 0.0 0.0
1570777662 1931392529:1931392529 -101.88051183 33.55900757
1576122783 1004594360:1004594360 0.0 0.0
1571963766 1027117617:1027117617 0.0 0.0
1575771941 965317387:965317387 -0.86964942 52.20433234
1574941464 913020843:913020843 -84.24925217404962 37.80490902252495
1574076290 2561932284:-1733035012 -122.29317812260453 47.46865040161411
1576956501 275050781:275050781 20.582526254145385 50.88472528082287
1572994511 673447074:673447074 19.88449084127445 50.016756926216225
1571357223 2818283871:-1476683425 -4.1004904578044465 55.79853639583969
1574082691 674779628:674779628 73.04534409195185 33.56802083551884
1573556346 1172395023:1172395023 144.9577110262075 -37.80541457704995
1574787591 1559304177:1559304177 0.0 0.0
1575653007 2855461342:-1439505954 -98.1568968122586 29.125988232427666
1576488476 383752964:383752964 -1.6145566097130475 52.60047358225214
1572151288 2875307466:-1419659830 -77.22583918752736 39.122518557041055
1576249000 814318950:814318950 -80.65594203 28.05068277
1571151914 2268692368:-2026274928 -72.85228151616641 41.57426549543005
1577854616 1711609072:1711609072 -122.25025975 47.88016524
1574288410 791643603:791643603 -120.99612394 37.69003373
1571504165 935472326:935472326 -93.29983958 44.80362939
1574728059 3356977679:-937989617 16.37733427511538 48.198413981410525
1574349116 540388632:540388632 0.0 0.0
1570175527 1199790136:1199790136 -0.18256229348480701 51.463257456198335
1570550409 1360464582:1360464582 0.0 0.0
1574469177 1170250411:1170250411 0.0 0.0
1571335727 1329105448:1329105448 -119.7839233290899 39.46510986473109
1570038661 1131766259:1131766259 0.0 0.0
1571832317 3487380591:-807586705 0.0 0.0
1571131184 1236644065:1236644065 -94.51417727 39.17729221
1572296190 1751833019:1751833019 6.8556993 49.3068918
1572817948 1300656662:1300656662 0.0 0.0
1574521160 755612361:755612361 0.0 0.0
1574107607 2966180791:-833466362 0.0 0.0
1577735177 2470769775:-1824197521 -79.7630298249898 40.46748083535431
1572371068 3909211821:-385755475 32.86439020181809 39.90675321293321
1574109733 4150526090:-144441206 0.0 0.0
1573077700 3739961011:-555006285 -84.4006801747135 33.77724716724082
1572891664 1974967410:1974967410 0.0 0.0
1571152321 1713347920:1713347920 0.0 0.0
1575484068 2366539858:-1928427438 -80.61587358478464 28.239713981793884
1574595851 1149598674:1149598674 0.0 0.0
1571465312 2111489053:2111489053 145.02013623455576 -37.81565028685042
1572962429 2599545043:-1695422253 -77.088615093452 39.091278025916864
1574991111 2790798826:-1504168470 -104.23896901259674 32.438392982406874
1572224372 720187522:720187522 0.0 0.0
1570573646 1677435495:1677435495 -2.51049523 53.05999934
1570532969 877199824:877199824 0.0 0.0
1575196732 3325179938:-969787358 12.52184205396391 55.77718080483882
1575414819 2624992459:-1669974837 19.657909618708917 54.06125260987697
1570780548 4113259056:-181708240 0.0 0.0
1572379845 593404615:593404615 15.5498046800639 38.20401803593915
1572724245 1405161473:1405161473 0.0 0.0
1577510507 320051346:320051346 -112.59674034 34.42525587
1575631452 1865061138:1865061138 -114.6660943330402 32.72336874160238
1570476729 737264807:737264807 0.0 0.0
1572275236 3808898526:-486068770 0.0 0.0
1570950212 4218396786:-76570510 0.0 0.0
1577033042 2132004829:2132004829 4.33649147 50.77956991
1571286951 3366990357:-927976939 0.0 0.0
1571489853 1668468973:1668468973 -71.71896122402671 42.084057424256656
1574009235 2981279066:-1313688230 2.1626713746896433 41.39735580433884
1574391651 1623181825:1623181825 -51.89206972 -23.42319723
1573233538 1696513421:1696513421 0.0 0.0
1573528540 884194461:884194461 -149.80287523 61.20286207
1574456498 159075634:159075634 15.942082693998545 45.80386123735605
1578529638 3930694472:-364272824 -79.72236059076172 43.56400847371508
1576032953 96196662:96196662 -74.55147960884725 40.06290560765229
1576393091 1711175037:1711175037 -117.02634137134721 32.97436923257352
1576757128 1029121023:1029121023 0.0 0.0
1572949506 1071077623:1071077623 20.9295732 52.3990216
1572981309 9614095:9614095 -123.05383658979372 44.059124998789336
1576450020 369456815:369456815 -84.04620291673024 9.921514363968672
1576599966 3074169936:-1220797360 82.97649430411356 25.284168926074393
1578199342 1976162994:1976162994 48.08559694576664 29.25868005293179
1575386651 323594659:323594659 0.0 0.0
1573397786 3820313532:-474653764 -121.10155096755875 38.65590644900735
1570574460 1003606696:1003606696 -2.5104902 53.05994422
1571683416 1344980137:1344980137 -87.33321 30.619564999999998
1576097695 197730051:197730051 -81.22090115219468 28.91583746767502
1573556358 1044460316:1044460316 -117.34655833333333 47.65584333333333
1575354348 2037525642:2037525642 5.895702844669419 53.24298643130661
1571350789 3226166328:-1068800968 -100.30845382629575 25.683297942329283
1571783566 2540975797:-1753991499 -88.14501852736635 41.63027526814642
1571153773 1111246524:1111246524 26.60837674998885 58.31659753843025
1571153485 2543116206:-1751851090 26.677197530015977 58.43370527312922
1575247228 2073539833:2073539833 72.80681212708463 18.90868240303735
1573582212 2217844267:-2077123029 -81.95184467225464 27.98312786052116
1572511071 4098058509:-196908787 0.0 0.0
1574109286 2106641582:2106641582 0.0 0.0
1573147308 1977782357:1977782357 111.4314327 -6.9459424
1572895225 2108264071:-1602031088 -1.5497236233219036 47.35102392737507
1574221415 196622353:196622353 -83.59388064015582 42.24857883418054
1571958001 494470398:494470398 -117.91728148 33.64223619
1573111939 1278059944:1278059944 -89.99733623 29.85717394
1573080164 2119769911:2119769911 0.0 0.0
1573080790 1961105270:1961105270 -80.73597503718062 40.089136673052025
1571661901 2112297438:2112297438 0.0 0.0
1570132935 4185120471:82037788 0.0 0.0
1574010646 908954539:1071347439 0.0 0.0
1575257336 3338927364:-956039932 0.0 0.0
1571286865 1436661660:1436661660 -120.7403368 35.4568476
1577806146 1762151188:1762151188 0.0 0.0
1570727225 461986164:461986164 10.787206620215084 59.854614190635175
1571351431 2028018683:2028018683 14.9046944 55.0747525
1575755007 1427840823:1427840823 0.0 0.0
1572416554 2995268657:-1299698639 11.047211862918829 49.36203098594346
1573081514 719690962:719690962 0.0 0.0
1576451338 1030145658:1030145658 -85.96220166666666 41.67364166666666
1572429105 368546261:368546261 -83.12520358719222 40.562224458009524
1572374446 1236533599:1236533599 9.008411939999997 48.72291552999999
1573917411 2860310873:-1434656423 0.0 0.0
1575258689 2908640048:-1386327248 -122.29842419658225 37.81343311406253
1577589306 960285495:960285495 -157.79699126998648 21.29175677999956
1572377244 5398607:5398607 -1.529482584448093 52.39658560143075
1571535305 471843093:471843093 -97.11867640791206 31.541645186227004
1574265193 1998094792:1998094792 -1.8990037310886188 52.461778745104056
1570062716 3764158143:-530809153 0.0 0.0
1571049293 2089898677:2089898677 0.0 0.0
1571532422 2048451820:2048451820 -46.8752438 -23.5472294
1571949113 1435660964:1435660964 0.0 0.0
1573363722 343882623:343882623 19.4836726 51.1683073
1575096563 778320150:778320150 0.0 0.0
1576556003 2096765678:2096765678 -122.33935867 47.26693301
1574373487 433271472:433271472 8.64165239 47.35161462
1576753615 1026678086:1026678086 -117.07489723339677 32.52747310325503
1577792466 5646427:1426307300 0.0 0.0
1574265850 2441018880:-1853948416 8.283819891600817 49.96740530168122
1573192122 3319290926:-975676370 0.0 0.0
1572922971 1145595776:1145595776 0.0 0.0
1573479901 1684971181:1684971181 -0.23366515952173736 51.49417441098045
1574666224 1129752825:1129752825 0.0 0.0
1573051246 1108598216:1108598216 0.0 0.0
1574594593 1897232310:1897232310 -122.24318165098302 37.45987882969753
1575058416 2049612955:2049612955 138.4936643300005 -34.91154829974744
1572320540 130863847:130863847 -83.8460240686798 34.59144912864564
1575272587 741092675:741092675 -84.18960136127215 39.63971771544867
1572211290 290995985:290995985 -0.39969965396262036 51.650514579768895
1571533208 4080679325:-214287971 0.0 0.0
1571993111 3542367418:-752599878 0.0 0.0
1571662693 236513966:236513966 -93.07618914180722 34.49142899833107
1572754908 1465456585:1465456585 30.2253607 50.5072038
1575209418 291545452:291545452 0.0 0.0
1575808079 259328615:259328615 -83.706168718714 41.46919130817192
1572105953 1027181819:1027181819 5.322946403228101 60.44339799674881
1575540904 74845215:74845215 -5.076729389110767 50.289014423596676
1575852123 1855320231:1855320231 -83.35670529872492 32.411120217323685
1578442387 3975984907:-318982389 0.0 0.0
1575901522 362547458:362547458 0.0 0.0
1570997162 117622050:117622050 -71.0025172122484 48.343644314490575
1575410453 2297920262:-2021639723 -105.95641344263453 35.663767940502474
1576526101 1637610002:971082706 -156.059211 19.7285217
1576015838 1088806038:1088806038 0.0 0.0
1573697310 1637680001:147079766 -156.0592467 19.7285177
1574847765 2018995791:2018995791 -2.1089141885818616 57.162048212042436
1573487419 1632602807:1632602807 22.791338899926 49.82230049983824
1572755146 1230746723:1230746723 -105.49609071 44.28465977
1573582710 1561536827:1561536827 17.7809651 46.36515
1572994902 1413068241:1413068241 -85.96220999999998 41.67376666666667
1575128104 75131109:75131109 0.0 0.0
1577048780 846385110:846385110 0.0 0.0
1574109053 1033542797:1033542797 7.6321142 45.0621593
1576731184 2953001878:-1341965418 0.0 0.0
1576275300 864951090:864951090 0.0 0.0
1573165581 758814654:758814654 -87.99297286511856 45.804185713152215
1571615565 3930720402:-364246894 8.528173045570373 47.372281195830624
1574374155 1637650006:601873655 -157.86448472 21.33537371
1578192841 2505592475:-1789374821 0.0 0.0
1575732396 235733803:-2062518092 0.0 0.0
1572110649 215240426:215240426 21.041728157793344 52.17301564979326
1573241586 2496451755:-1798515541 -97.73508413515128 30.288089671670544
1574449085 1637110005:-1501334732 -156.05926843627765 19.728236834879993
1570776237 1999659503:1999659503 -117.82553853 33.75751453
1570406369 74473139:74473139 -2.51071519923428 53.06006617203277
1571632455 671537372:671537372 0.0 0.0
1572106885 2632148383:-1662818913 -75.46609831196602 6.063216085719345
1570816648 3573466114:-721501182 -90.46253470712384 30.50347616898874
1573424165 3132446384:-1162520912 -4.358367161908458 52.19105281062833
1574986988 1641874176:1417983194 0.0 0.0
1576971888 3986801191:-308166105 -72.71976708441295 42.28247475814287
1571427817 2261830315:-2033136981 -73.19619904886615 44.47726989737001
1577858276 4019311779:-275655517 0.0 0.0
1573053822 1618320539:1618320539 0.0 0.0
1576876833 697076693:697076693 -81.25392236405999 28.614989239148127
1578710999 3760503788:-534463508 0.0 0.0
1577635165 4258566376:-36400920 6.010510465135807 51.937774051960496
1577094277 1864080249:1864080249 7.645824029364673 49.42750225086556
1578235588 2770072060:-1524895236 0.0 0.0
1572377152 1753278176:1753278176 -111.998378299281 40.731913321689454
1575327972 919233382:919233382 -89.3878625 43.0673481
1575481455 1761113923:1761113923 -80.61577941 28.23954322
1572062394 1057365638:1057365638 -121.32487567081048 38.887607580634686
1576636147 544144207:544144207 -157.82860478 21.29131228
1578345565 1407449501:1407449501 8.488882856583402 50.70261997325895
1574290165 76116990:76116990 -97.14323825119571 32.814498649241294
1576992180 1686113057:1686113057 -81.66949833333334 36.79946333333333
1569998796 3397449932:-897517364 -2.402183461143391 56.94945816530222
1577365440 804529723:804529723 139.60680578738683 35.70317022883654
1578364206 411686141:411686141 -80.58190232150311 28.137456891153136
1570162552 1473923804:1473923804 0.0 0.0
1576809596 4016367253:-278600043 0.0 0.0
1577560869 2283411282:-2011556014 -157.89941919963312 21.36335536498934
1577370259 3485467456:-809499840 9.17552263476809 45.44341965117067
1574728491 409507918:409507918 -122.91874333333332 38.41036166666667
1576431953 1237284962:1237284962 0.0 0.0
1574137324 3717653012:-577314284 -73.95765205852125 40.6733387802175
1573940028 1365316774:-1516285467 -122.34557800937662 47.677215705670115
1571429057 2356944926:-1938022370 -73.19616603322675 44.477354230699724
1574332642 429932471:429932471 -2.9809670252086384 53.412865854341504
1575219864 2913482465:-1381484831 0.0 0.0
1574632408 4019640953:-275326343 -122.70036133948965 45.52827887706973
1573876475 1592010812:1592010812 0.0 0.0
1574452799 3690687356:-604279940 8.804799262904886 52.68250526823552
1575015132 2625843526:-1669123770 100.72595916320665 13.568482382507616
1575999992 3741387459:-553579837 -94.74316264468338 38.945974530541264
1575391880 1318656520:1318656520 -80.60567262 28.22982968
1576903643 128358123:128358123 -105.06540512164104 40.538949798402605
1577145809 3193776705:1136880900 0.0 0.0
1574810348 2931183839:-1363783457 144.54360586604525 -37.693890212138825
1578648783 2912069524:-1382897772 -0.1769718155802245 51.473098355348576
1575907444 3699603575:-595363721 21.34502119811569 56.70117873582748
1575545334 233980745:233980745 0.0 0.0
1578477981 1122957019:1122957019 0.0 0.0
1574977175 387054188:387054188 -115.27496097 41.06183882
1574367141 231215166:231215166 0.0 0.0
1570432638 1356905986:1356905986 -106.71197537 35.15435555
1572378130 2544454192:-1750513104 0.0 0.0
1573589769 1887341765:1887341765 0.0 0.0
1577080711 556371370:556371370 80.22524 7.347975000000001
1574864839 578986330:578986330 113.33415153652255 23.115933988482002
1574272149 3438472111:-856495185 -90.02508167185823 40.5560012720903
1576276219 663596320:663596320 -101.03507601665429 36.978828250464964
1575951667 2423126064:-1871841232 0.0 0.0
1575178075 1028110553:1028110553 0.0 0.0
1573691704 2729083140:-1565884156 -122.42644485821118 37.76815295532602
1575353337 2049348355:2049348355 0.0 0.0
1573057439 228623798:1304492854 -80.65511422239305 28.16741456745953
1575922568 1486367683:1486367683 0.0 0.0
1578084593 4015519456:-279447840 -84.2210037777506 35.8307566574742
1575481755 915702589:915702589 -71.222325 42.77497
1575993173 3167804073:-1127163223 -84.42619206502893 33.84359545913197
1571944895 3430771178:-864196118 0.0 0.0
1573678799 3782887631:-512079665 0.0 0.0
1578563173 2104650670:2104650670 0.0 0.0
1575481868 178061634:178061634 -80.61582723639962 28.239516955826655
1576533817 3227251541:-1067715755 -2.387591069566447 53.58131346763445
1574943204 2497283222:-1101199342 -79.99982097193599 37.75054508823692
1574798102 1637050011:-1533814353 0.0 0.0
1573639228 114327156:114327156 -111.10797353 32.11308883
1576857241 192732549:192732549 0.0 0.0
1575483474 53560279:53560279 -80.61587828218994 28.239749176454023
1576643619 1411324150:1411324150 -83.41144222773929 42.22262826286463
1575594254 2441269563:-1853697733 -80.96073551111013 35.083790165404864
1576965818 1611964962:1611964962 -82.65953775 28.43218139
1575215084 504600247:504600247 0.0 0.0
1575936343 159585792:159585792 -115.3546156 41.0439615
1575363767 2072056131:2072056131 0.0 0.0
1572759015 1856125029:1856125029 0.0 0.0
1576043621 345619733:345619733 -92.13624999999999 32.030878333333334
1576548092 1452208590:1452208590 0.0 0.0
1576410843 1391574109:1391574109 118.2437 34.0522
1577874368 959959093:959959093 4.885904999999999 44.92647166666667
1576986174 2043319040:2043319040 0.0 0.0
1578676405 718463821:718463821 -122.91857 38.410735
1573545812 659687150:659687150 0.0 0.0
1578951288 3209442823:-1085524473 0.0 0.0
1577356656 1319852455:1319852455 11.340899644430113 64.8446034780376
1578472602 1789197666:1789197666 0.0 0.0
1575741000 902304852:902304852 0.0 0.0
1574150060 1895757365:1895757365 -97.59929811591059 38.80652126394101
1575109838 647920668:647920668 -117.28161692619324 47.69760217051953
1576765518 4042729341:-252237955 -96.99573812286215 32.89857555474544
1573168544 1464927780:1464927780 0.0 0.0
1575269105 270228399:270228399 -85.75489082601516 38.23501448122979
1575288200 1973014378:1973014378 0.0 0.0
1578635765 1222120009:1222120009 -78.4307672 42.4583013
1576450813 2011923956:2011923956 0.0 0.0
1577201978 2516042542:-1778924754 0.0 0.0
1576501458 2519762084:-1775205212 12.521244278189279 55.66157363360343
1576645889 3423986264:-870981032 0.0 0.0
1575429329 1555984073:1555984073 18.9108994 50.1703796
1576515236 312848144:312848144 -73.18335586852591 44.465107632938064
1577255477 455144634:455144634 0.0 0.0
1573430289 3737276263:-557691033 0.0 0.0
1572927945 796792557:796792557 -119.3505389337608 47.12845753417083
1578569572 1021639517:1021639517 -81.5853292 28.5663221
1576700269 792845089:792845089 -79.80976877734065 43.331383690238
1577635067 1972657940:1972657940 0.0 0.0
1574662267 2555033450:-1739933846 0.0 0.0
1577814161 3704753716:-1282200793 0.0 0.0
1575991044 1304685988:1304685988 11.208192340876158 49.63245797270986
1575150247 605216864:605216864 -112.51015350233065 45.99480215464345
1575321546 2262253483:-2032713813 0.0 0.0
1575782944 1523408012:1523408012 0.0 0.0
1575703737 121860299:121860299 0.0 0.0
1577089977 3027844546:-1267122750 2.3851817753188174 48.8535961183243
1575570144 3046741461:-1248225835 0.0 0.0
1576322973 3703338953:-591628343 -82.88944822743804 37.13887608147891
1576651414 943620643:943620643 -7.548615936 42.99814507
1578667287 1546354642:1546354642 0.0 0.0
1578895065 3330421351:-964545945 -75.09879248552231 39.87968234090804
1578690797 1500856824:1500856824 -7.226663678891236 53.767364895952646
1575672394 3112656424:-1182310872 -118.132743582164 34.148647344765486
1578680816 2746729466:-1148924819 -123.09679855319682 49.28388626088964
1577005198 3146957302:-1148009994 151.3163729870322 -33.51077617123027
1574799256 1637680001:315312296 -156.0592339 19.728511
1576009804 608940610:608940610 0.0 0.0
1575176986 1358392474:1358392474 -103.44964688048093 25.545415764787226
1576011847 3216863208:-1078104088 0.0 0.0
1576406966 639123521:639123521 -83.9097143523395 35.962474001571536
1577655550 649495221:649495221 0.0 0.0
1577589770 1288474488:1288474488 0.0 0.0
1577402465 1066115723:1066115723 0.0 0.0
1578671562 1745616715:1745616715 0.0 0.0
1575750564 1137201098:1137201098 16.337940357917503 48.1988221176382
1577935211 2101446666:2101446666 0.0 0.0
1576671689 4291867902:-3099394 0.0 0.0
1578452899 1584993520:-1836378539 0.0 0.0
1577853730 2081766391:2081766391 -111.9109406323283 40.68934561688517
1577899472 636611784:636611784 0.0 0.0
1576614485 2081473939:2081473939 -157.8161823 21.2975588
1577236162 205886810:205886810 -78.15307857476003 39.04369178231716
1578733010 2675160169:-1619807127 0.0 0.0
1577236900 2139381301:2139381301 -113.51866366 53.56403717
1577996270 210918874:210918874 0.0 0.0
1577672146 1603236293:1603236293 0.0 0.0
1576884206 789544464:789544464 -157.95621717 21.67363421
1577484141 716840957:716840957 0.0 0.0
1578269167 3027686229:-1267281067 0.0 0.0
1578529678 4289480560:-5486736 0.0 0.0
1578476976 4220265930:-1538445640 0.0 0.0
1578752077 763998152:763998152 -122.28643126 37.84049449
1578279436 2543571960:-1751395336 -74.91796538142766 40.065444882856006
1572997406 463378075:463378075 -2.345540848013478 51.39429323996984
1576084822 1351573204:1351573204 0.0 0.0
1575980664 1344384577:1344384577 0.0 0.0
1574188221 1637110003:-533463662 -156.05926650417405 19.728165355188995
1577073245 3666234488:-628732808 -122.89887828644568 45.50799899745705
1578350808 1637192001:-1862187161 -156.059277352258 19.728196668523715
1575728909 3537131385:-757835911 -122.74955749511719 45.402740478515625
1576678074 1170272833:1170272833 1.4910790410901023 48.44078159017944
1575565676 1637199000:340680772 -80.60525958433803 28.25004952962347
1577521135 1035052433:1035052433 -2.171376356855035 53.85451175272465
1577565811 1529495360:1529495360 4.909312 44.9324764
1576978885 2004948753:2004948753 -82.06397104 38.85555348
1577322869 1165570503:1165570503 -79.97489391 37.35238664
1578454437 42565793:42565793 -71.23835871734231 42.791189790199496
1578558404 2008115089:2008115089 0.0 0.0
1578677043 328585900:328585900 0.0 0.0
1577655796 3479834384:-815132912 -72.83135091892707 41.439145035149004
1577993016 960130053:960130053 0.0 0.0
1576180756 31652845:31652845 8.924250267621334 48.84398717109612
1575288537 1955529530:1955529530 -1.004831727 37.639722817
1575421763 248054102:248054102 0.0 0.0
1576161898 3107419505:-1187547791 -122.24321689304494 37.45982107608369
1578641083 2003483844:2003483844 -97.07226876882255 32.87145286384011
1577303445 1456800519:1456800519 0.0 0.0
1578915087 3483435563:-811531733 0.0 0.0
1576576016 176486814:176486814 23.6949429 37.9619816
1577332566 937904094:937904094 -0.7266210620496324 52.29925692385235
1578404075 2609407879:-1685559417 0.0 0.0
1578414099 1497145866:1497145866 0.0 0.0
1578508546 457400498:457400498 -82.99286166666667 40.12852833333333
1578383436 641407054:641407054 0.0 0.0
1575769804 1469215924:1469215924 0.0 0.0
1578893777 3966779603:-328187693 -158.14197108921053 21.58172431398339
1578830352 2731932491:-1563034805 175.0193738939008 -39.90667916372409
1578821265 1529630990:1529630990 0.0 0.0
1578910037 1202683359:1202683359 -7.226311555139 53.76707173888922
1576615895 1220842694:1220842694 7.9499789 47.9918945
1578796566 651153552:651153552 -122.66189193189877 48.202662991058276
1578509162 1741619564:1049270387 0.0 0.0
1578955874 1637681011:868885745 -80.6729493 28.3955697
1576618061 527147931:527147931 -2.527441699060171 51.48612353955534
1578503360 2829625593:-1465341703 18.606707887405094 54.271054425775716
1575508699 3520278345:-774688951 152.9882074290626 -27.387401586502815
1578070079 1724727633:1724727633 -81.89596262 39.91310009
1576399932 724628900:724628900 -116.37620166666666 33.81290666666666
1576964195 1514849356:1514849356 27.982039560591375 41.32169671235962
1576250430 460646445:460646445 29.15350436235699 41.0060601029927
1577357709 682520638:682520638 4.472419118684471 51.919942670460415
1577669069 99774742:99774742 18.599108271108857 50.05467004670015
1578804749 4238012594:-1827716854 -0.5799999833106995 39.67972183227539
1578248484 3966034820:-328932476 6.464110041658143 51.09789578901788
1578065953 374517321:374517321 -119.7063778 34.4031608
1577836949 3806371725:-488595571 138.49378678960585 -34.91141280628267
1570723997 523889940:523889940 72.82925062 18.92256704
1578659989 426863792:426863792 0.0 0.0
1576296947 1862423308:1862423308 0.0 0.0
1576857520 3727900478:-567066818 -98.39007823172471 30.53272889527878
1576654332 970486986:970486986 -84.41804626956582 40.922965477220714
1576863446 38189303:38189303 0.0 0.0
1578856547 2468001:1314870003 -116.4263006 34.1054576
1573348409 4059766520:-235200776 0.0 0.0
1578949320 2462287474:-1832679822 25.264327338509936 54.67634994323739
1577762659 1344773913:1344773913 -122.24411908 47.76192823
1578152762 536102212:536102212 55.39105279522666 25.3422203979327
1577314800 706895025:706895025 0.0 0.0
1578294344 2050035301:2050035301 -87.68293424718935 42.05792452977066
1578298652 364278693:364278693 10.473818731002682 59.915020661971575
1577495123 476006225:476006225 -119.21435906 34.27625711
1577626124 589619187:1433552555 0.0 0.0
1578702260 1812138176:1812138176 -81.616795 41.513603333333336
1576910367 1896070122:1896070122 0.0 0.0
1578276973 2646482510:-1648484786 0.0 0.0
1577230786 2019214061:2019214061 -109.55146254971623 38.56967843603343
1573359378 156040897:156040897 -2.8603340326789617 53.41854560728021
1578075432 270910443:270910443 0.0 0.0
1578404726 3679296456:-615670840 0.0 0.0
1576656985 3234849292:-1060118004 -96.91562706420908 32.91048190752524
1577702991 1662545372:1662545372 -85.6340507884376 45.14636043463381
1576593377 3090932767:-1661576309 -84.35002469205001 31.649796084858032
1570131486 1045354424:1045354424 0.0 0.0
1578739061 3803697607:-491269689 -85.08599657336117 41.1050640895147
1577708299 345783140:345783140 0.0 0.0
1577900456 2895720188:-1399247108 0.0 0.0
1576815801 1862464876:1862464876 -74.07583951191206 4.622748837122353
1577173711 2258978628:-2035988668 -84.44549152395315 36.62696812673606
1578180459 1782377080:1782377080 -0.3933028287931405 51.678691535481384
1578862394 2276984772:-2017982524 0.0 0.0
1577973534 562182602:562182602 -86.8162286 37.6242966
1578434116 484286375:484286375 0.0 0.0
1570058530 1982648445:1982648445 -1.5416739775946502 52.00987801054792
1577095567 513488401:513488401 -104.76035293318638 38.820119483006415
1577588497 846727393:846727393 -115.27517598 41.06187568
1576760057 1512247640:1512247640 0.0 0.0
1576686253 2975648056:-1319319240 0.0 0.0
1578955858 1637650005:982946115 -157.8163909 21.2973982
1577485527 723069399:723069399 12.944876430436459 50.677614117311194
1577761201 3381162611:-913804685 0.0 0.0
1577358755 3961851959:-333115337 0.0 0.0
1578608668 2112481481:-193623550 -82.93639082469319 36.466333209570934
1577481631 1069047749:1069047749 -81.40339546836913 37.196591729298234
1576067234 1436358809:1436358809 0.0 0.0
1578179341 800813348:800813348 0.0 0.0
1577532717 1861884537:1861884537 -83.14043476246297 39.21092395205051
1578264875 1864760991:1864760991 -114.29232509 48.23507448
1578944034 3197762723:-1097204573 21.04207478249241 52.172862995691986
1577398519 802007026:802007026 29.026126172420593 41.07190263461421
1573001556 3541486152:-753481144 0.0 0.0
1577894835 1304404046:1304404046 0.0 0.0
1577194710 327263825:327263825 88.16529066 22.51008686
1577101169 1505381521:1505381521 31.00439833333333 -29.850414999999998
1578357059 4240219003:-54748293 0.0 0.0
1578839890 1548096445:1548096445 -88.1088369286577 41.51846524409506
1577326711 2133328060:2133328060 -122.17733914494826 47.3570122194261
1578542050 37205670:37205670 -104.8588543106847 38.79406458236165
1576828050 530784577:530784577 0.0 0.0
1577750287 2158024391:-2136942905 147.2407982605879 -42.81314895228876
1576731791 1563943152:1563943152 -80.74420019052923 28.346568318083882
1578368856 2551278155:869081281 -80.71633113403196 28.298480719375224
1577591642 1813604377:1813604377 0.0 0.0
1578536278 560740403:560740403 0.0 0.0
1577393955 674819579:674819579 150.795978 -33.5581274
1576377680 1208630143:1208630143 -74.04478087 41.86253444
1578486786 16836676:16836676 103.9555007 1.358873
1575840383 521574739:521574739 -75.52232427 40.56626213
1578014377 960550987:-1750568657 -88.1671210192965 41.81536260996183
1578130973 1941410958:1941410958 0.0 0.0
1576842307 1123401428:1123401428 -80.66405389 28.18711003
1577977982 1104329919:-1433931280 0.0 0.0
1576731895 536309613:536309613 -115.27514446 41.06177419
1577271018 791431819:791431819 -104.75866014137864 38.85293140076101
1577349143 787506594:787506594 91.48135166666667 24.670070000000003
1578289512 1769746300:1769746300 -157.921996 21.6416839
1578542292 2837337224:-1457630072 -93.22493133049954 37.247682022899276
1577781402 1426307300:1426307300 -116.22635442763567 33.70608880184591
1577319732 213858586:213858586 0.0 0.0
1578631788 920543669:1085682403 -84.0503945859875 34.22722896489888
1576586680 722412903:722412903 4.3956939 52.0975628
1578370853 1637785923:1637785923 10.8426695 59.9166327
1578775122 3966844777:-2111954889 0.0 0.0
1578897074 1640803335:1640803335 -96.79661156 33.00794482
1578868636 731142735:1895753451 0.0 0.0
1578198381 1980996915:1980996915 -98.52017104625702 29.50727641582489
1578487361 2444799653:-1850167643 -81.95185189143005 27.983073885578644
1576611655 1483428935:1483428935 -70.3456412 43.628919
1577252631 304737190:304737190 -92.84851155 49.807182
1577117441 1855323943:1855323943 0.0 0.0
1578481510 613911549:613911549 -77.88399259157103 44.20132127783847
1577751189 421694256:421694256 -73.64652181853856 43.197718472397746
1578252662 3739176588:-555790708 0.0 0.0
1578866909 2097145276:2097145276 -82.63282876777191 39.521645823222364
1578691804 692605308:692605308 77.4538084 23.2188228
1578534601 269793542:-731429353 0.0 0.0
1578536627 1056050541:1056050541 -81.47626371122897 39.93497521150857
1577122392 2466446188:-1828521108 0.0 0.0
1578902465 264191641:264191641 -115.2750154 41.06173679
1573180761 2034134613:2034134613 -112.0275950152427 33.62413616850972
1578100400 1936138240:1936138240 -97.07621156400363 49.812340935576934
1577751090 4101015339:-193951957 -72.12877602323157 42.06181176942034
1577367163 1355559130:1355559130 -4.699782638437955 51.67198639920226
1578343525 1637193001:-655119890 -156.05927034452247 19.728186963341702
1577214373 4070955113:-224012183 -78.46737144522226 35.64183967656981
1578832542 4207758233:-87209063 -122.24308434226548 37.459872761251546
1578693771 704223442:704223442 2.3241965565852114 48.67556981746915
1578004063 3926571442:-368395854 0.0 0.0
1578806530 626827136:626827136 -81.09691169 41.31391476
1578356109 1308510591:1308510591 0.0 0.0
1577174876 1773574745:1773574745 -113.5187473 53.564061
1577940301 1371754945:1371754945 -95.9514 36.05606833333333
1577713784 1311174634:1311174634 0.0 0.0
1578638163 1292051960:1292051960 -74.2933223862201 43.04478580132127
1577740182 1831607136:1831607136 150.7994907 -33.7394781
1578941162 1921150191:1921150191 -122.43198102 37.77568437
1578364522 1243070058:238494862 -80.67292527923126 28.39560333361106
1578364720 493267878:1307116507 -80.57717326844718 28.09752839839789
1578946636 635774451:635774451 -90.3862738 38.4366086
1577802729 249682823:249682823 0.0 0.0
1578910770 317485680:317485680 -77.15290111 35.30662675
1577945041 1046279613:1046279613 -82.10884743 41.35377365
1577056395 3361819563:-933147733 8.583600044751162 47.98865432796855
1578028349 72566697:72566697 0.0 0.0
1577649229 1916613450:1916613450 -90.95344238 30.54905005
1577653199 1177737082:1177737082 -71.10275039 42.39529655
1577597062 2166383592:-2128583704 0.0 0.0
1577693955 3892972410:-401994886 115.78164099664599 -31.8749586537153
1578527258 238792736:238792736 -73.78461144 42.88084802
1577829796 1366689382:1366689382 0.0 0.0
1571740201 893863137:893863137 0.0 0.0
1577855680 4231837314:-63129982 73.09878526262295 19.223526036384722
1577877121 1995050061:1995050061 -157.8861195781807 21.579710030948352
1578342362 1908897294:1908897294 0.0 0.0
1577547617 3223515141:-1071452155 115.8797791894452 -31.951501813904763
1578375445 157427080:157427080 4.842091247965842 52.38319111308787
1578467919 1157584466:1157584466 0.0 0.0
1577845748 4154273082:-140694214 0.0 0.0
1578937991 3783814177:-511153119 -97.88809030325886 30.385559177985773
1578484664 208497692:208497692 0.0 0.0
1577572099 3304943142:-990024154 0.0 0.0
1578746450 1143377928:1143377928 0.0 0.0
1578777886 2345097225:-1949870071 0.0 0.0
1577311222 5421391:5421391 -79.93565532386296 44.775809487369635
1578822353 4191822117:-103145179 -85.6980118342542 42.46102052744707
1577846564 1672525535:1672525535 0.0 0.0
1578137638 1135299421:1867964865 10.93206476389672 50.67575528401115
1576833490 1388729788:1388729788 20.44763414310782 52.06129373337486
1577805224 1847048253:1847048253 -117.91997730731964 34.066035971045494
1577345558 1381545857:1381545857 9.015081063066885 48.04097213172117
1578358611 1722670135:1722670135 0.0 0.0
1577508152 1788470004:1788470004 -70.6677678 42.6110969
1578181845 3645736049:-704948363 0.0 0.0
1578637478 3972365752:-322601544 -90.54456889637797 37.7571439510563
1578165780 503859344:503859344 0.0 0.0
1578808582 2417128607:-1877838689 0.0 0.0
1577987552 3688419749:-606547547 -119.706301182282 34.40304021223327
1578204415 2028195944:2028195944 -122.05600069 47.40248602
1578643084 1314870003:1314870003 0.0 0.0
1577700684 4279902082:-15065214 18.994213219539386 50.0995439243313
1577936915 693605720:693605720 103.89902342845407 1.3263943143604244
1578411421 1658463436:1658463436 -104.540295 58.0703769
1574221557 362448461:362448461 9.073856666666668 54.482106666666674
1578188230 1857806845:1857806845 6.8293202 51.1739362
1577588115 2716435884:-1578531412 0.0 0.0
1577640629 1888444912:1888444912 -73.85219136 40.68235074
1577533417 1924705311:1924705311 0.0 0.0
1578365350 1290171668:1854319279 -80.67292249769035 28.395682456929602
1578284142 513460322:513460322 0.0 0.0
1578589925 3680669102:-614298194 -118.46336016442483 34.04182928617489
1577918014 4257009816:-37957480 0.0 0.0
1578720957 1453631098:1453631098 34.857796244323254 32.313019428402185
1578396441 386127413:386127413 -93.0945667 45.02633913
1578725575 186630416:186630416 -121.8671685644629 37.724813441781066
1578930868 4046238257:-248729039 0.0 0.0
1577563265 2593084215:-1701883081 -79.3269829760766 43.67186960433359
1578475432 611769310:611769310 -85.17082356855755 40.777119398155044
1578138119 1812833221:1812833221 0.0 0.0
1578066701 1908016555:1908016555 49.18271837760618 30.565781118376705
1578582165 2591801961:-1703165335 -97.4178075070039 35.21539834093173
1578072094 1350145175:1350145175 -120.51588301276287 38.46296233098648
1577680740 247580599:247580599 0.4204765830616287 52.34438953609396
1578934495 187793036:187793036 0.0 0.0
1578556007 351826246:351826246 0.0 0.0
1577962952 3568275886:-726691410 -82.82663516947181 39.87746356073799
1578917232 1036556784:1036556784 0.0 0.0
1578042176 2039384817:2039384817 0.0 0.0
1578219753 202350964:1296370117 0.0 0.0
1578944386 2402901894:-1892065402 0.0 0.0
1578072036 2825643740:-1469323556 11.874762419622275 45.448886035052546
1578062278 886287052:886287052 24.781173667259228 59.434325451422986
1578160810 1893184930:1893184930 0.0 0.0
1578387099 2030866160:2030866160 145.31399556537133 -37.77580794073991
1578235378 388765407:388765407 4.364475949689429 51.08604513399501
1578235882 332367215:332367215 10.765790628607933 59.913927275132735
1578122744 1119242874:1119242874 0.0 0.0
1577601322 158922276:158922276 -78.13977367 39.1551667
1578472815 2797742639:-1497224657 -122.90382022049548 48.71128653180665
1578359503 2071794878:2071794878 0.0 0.0
1578251639 3343100398:-2145836227 0.0 0.0
1578467569 2444170107:-1850797189 -157.92408192256892 21.63961909611254
1578770510 1740214496:1740214496 -111.10797688 32.11309545
1577999369 3596588604:-698378692 0.0 0.0
1578912245 261476852:261476852 0.0 0.0
1578277332 783673903:783673903 -77.39251883427956 37.51652919935512
1578762911 1671701940:1671701940 0.0 0.0
1578955885 1109210630:1109210630 -154.99503910213474 19.579157656010477
1578100292 3707717663:-587249633 -123.36167036567196 48.43646534257422
1578876171 908066559:908066559 0.0 0.0
1578243241 463903984:463903984 0.0 0.0
1578878487 641923601:641923601 0.0 0.0
1578074889 87959034:87959034 -76.63660160273 38.79798924088366
1578027193 521965192:215668941 -87.19844215557649 41.208561603018275
1578893398 1752484602:1752484602 0.0 0.0
1578898278 232945294:232945294 0.0 0.0
1578849752 2687007835:-1607959461 0.0 0.0
1578699055 1689174719:1689174719 82.97713163002437 25.28404049997094
1578955856 1637110703:-1302857509 -156.05922640220737 19.72831366941128
1578942703 2858668326:1698247479 0.0 0.0
1571753623 1176346597:1176346597 0.0 0.0
1577936499 1945472115:1945472115 -0.15344512445292127 51.463375938676904
1576192424 409298216:409298216 0.0 0.0
1576639165 765716030:765716030 0.0 0.0
1574199604 1699201733:1699201733 -119.7060319689283 34.40303862470533
1575583954 669675910:669675910 -80.64715231 28.17181091
1578689202 2389841581:-1905125715 0.0 0.0
1575586729 3890218335:-404748961 0.0 0.0
1576160037 895084681:895084681 -84.05634288 10.01728955
1578950412 699571506:699571506 -122.4319045 37.7755021
1575585556 1799725549:1799725549 0.0 0.0
1578445974 1849904599:1849904599 -74.11999477080452 40.66276215951952
1578689944 684912:1847048253 -117.86395342089236 34.11594366654754
1578453206 1379453456:1379453456 145.33623903072004 -38.04379971701469
1578781548 487562191:487562191 -86.8066 36.0359
1578955861 1637681013:2066474328 -80.83341303 28.56200057
