2019-10-01 22412 59063 2639 84114 367198208 7741505536 2767192064 367198239 38 29 2 69
2019-10-02 22088 61577 2306 85971 361889792 8071020544 2418016256 361889838 40 43 3 86
2019-10-03 19759 71630 13 91402 323731456 9388687360 13631488 323731512 36 54 2 92
2019-10-04 20463 104423 2438 127324 335265792 13686931456 2556428288 335265852 31 58 2 91
2019-10-05 20669 109097 2637 132403 338640896 14299561984 2765094912 338640951 27 54 1 82
2019-10-06 20579 107605 2637 130821 337166336 14104002560 2765094912 337166392 32 55 1 88
2019-10-07 17505 108283 2637 128425 286801920 14192869376 2765094912 286801977 30 55 2 87
2019-10-08 20486 106837 2660 129983 335642624 14003339264 2789212160 335642686 39 59 3 101
2019-10-09 20903 105754 2637 129294 342474752 13861388288 2765094912 342474808 32 55 1 88
2019-10-10 19974 106385 2796 129155 327254016 13944094720 2931818496 327254073 37 55 2 94
2019-10-11 20225 108172 3801 132198 331366400 14178320384 3985637376 331366459 32 55 4 91
2019-10-12 24684 105045 2650 132379 404422656 13768458240 2778726400 404422711 37 53 2 92
2019-10-13 21712 102511 2638 126861 355729408 13436321792 2766143488 355729461 30 51 2 83
2019-10-14 23215 104214 3290 130719 380354560 13659537408 3449815040 380354614 26 51 3 80
2019-10-15 23147 106355 3257 132759 379240448 13940162560 3415212032 379240510 34 57 5 96
2019-10-16 22631 105384 6435 134450 370786304 13812891648 6747586560 370786364 29 54 6 89
2019-10-17 23533 106912 7491 137936 385564672 14013169664 7854882816 385564737 50 60 5 115
2019-10-18 21264 111026 6096 138386 348389376 14552399872 6392119296 348389440 34 59 5 98
2019-10-19 17719 108955 5295 131969 290308096 14280949760 5552209920 290308157 34 56 5 95
2019-10-20 20388 106983 6010 133381 334036992 14022475776 6301941760 334037051 35 55 4 94
2019-10-21 20231 104958 5062 130251 331464704 13757054976 5307891712 331464772 43 64 4 111
2019-10-22 19271 110680 3788 133739 315736064 14507048960 3972005888 315736138 26 70 4 100
2019-10-23 21427 117019 3760 142206 351059968 15337914368 3942645760 351060043 33 71 4 108
2019-10-24 22057 122754 3366 148177 361381888 16089612288 3529506816 361381971 37 80 3 120
2019-10-25 25036 123909 3687 152632 410189824 16241000448 3866099712 410189923 36 94 5 135
2019-10-26 22582 111028 3371 136981 369983488 14552662016 3534749696 369983549 35 59 2 96
2019-10-27 22213 112969 4560 139742 363937792 14807072768 4781506560 363937852 40 58 2 100
2019-10-28 20524 110894 3279 134697 336265216 14535098368 3438280704 336265290 40 72 2 114
2019-10-29 19845 114836 3469 138150 325140480 15051784192 3637510144 325140543 41 59 4 104
2019-10-30 18785 112448 3616 134849 307773440 14738784256 3791650816 307773499 37 55 4 96
2019-10-31 17705 103952 3699 125356 290078720 13625196544 3878682624 290078778 34 55 3 92
2019-11-01 19133 102188 2676 123997 313475072 13393985536 2805989376 313475127 32 53 2 87
2019-11-02 20624 101108 2637 124369 337903616 13252427776 2765094912 337903672 41 55 1 97
2019-11-03 22531 97243 3348 123122 369147904 12745834496 3510632448 369147960 39 54 2 95
2019-11-04 16415 96251 3523 116189 268943360 12615811072 3694133248 268943421 41 58 3 102
2019-11-05 21818 101672 3773 127263 357466112 13326352384 3956277248 357466172 57 57 3 117
2019-11-06 24816 100656 2679 128151 406585344 13193183232 2809135104 406585404 52 57 3 112
2019-11-07 17482 94870 2651 115003 286425088 12434800640 2779774976 286425143 41 53 2 96
2019-11-08 18566 77023 3273 98862 304185344 10095558656 3431989248 304185392 34 45 3 82
2019-11-09 18139 79201 2895 100235 297189376 10381033472 3035627520 297189417 35 39 2 76
2019-11-10 18609 78914 3466 100989 304889856 10343415808 3634364416 304889901 54 43 2 99
2019-11-11 19493 84044 3397 106934 319373312 11015815168 3562012672 319373368 35 52 4 91
2019-11-12 21162 90850 3516 115528 346718208 11907891200 3686793216 346718264 63 50 6 119
2019-11-13 20874 94369 3489 118732 341999616 12369133568 3658481664 341999679 45 59 4 108
2019-11-14 21919 99310 4706 125935 359120896 13016760320 4934598656 359120965 42 59 10 111
2019-11-15 22363 103127 4813 130303 366395392 13517062144 5046796288 366395458 35 55 11 101
2019-11-16 21664 101667 3030 126361 354942976 13325697024 3177185280 354943041 33 60 5 98
2019-11-17 21431 98960 4176 124567 351125504 12970885120 4378853376 351125558 36 51 3 90
2019-11-18 23010 830026 4498 857534 376995840 108793167872 4716494848 376995911 44 66 5 115
2019-11-19 21212 220408 3982 245602 347537408 28889317376 4175429632 347537483 35 70 5 110
2019-11-20 20521 282619 2908 306048 336216064 37043437568 3049259008 336216146 43 78 4 125
2019-11-21 15961 245973 3625 265559 261505024 32240173056 3801088000 261505105 28 78 3 109
2019-11-22 16961 257372 3410 277743 277889024 33734262784 3575644160 277889098 36 71 3 110
2019-11-23 13622 230135 1112 244869 223182848 30164254720 1166016512 223182916 28 66 2 96
2019-11-24 16063 246856 60 262979 263176192 32355909632 62914560 263176259 28 66 1 95
2019-11-25 15516 210710 1814 228040 254214144 27618181120 1902116864 254214225 45 73 8 126
2019-11-26 15639 270126 4269 290034 256229376 35405955072 4476370944 256229457 47 72 9 128
2019-11-27 13639 208411 6439 228489 223461376 27316846592 6751780864 223461446 26 65 5 96
2019-11-28 12446 288699 6283 307428 203915264 37840355328 6588203008 203915334 28 66 4 98
2019-11-29 14152 236574 6575 257301 231866368 31008227328 6894387200 231866437 28 65 4 97
2019-11-30 95107 611600 5803 712510 1558233088 80163635200 6084886528 1558233144 34 52 4 90
2019-12-01 13332 269381 5403 288116 218431488 35308306432 5665456128 218431545 35 52 5 92
2019-12-02 13499 249468 6674 269641 221167616 32698269696 6998196224 221167675 32 54 5 91
2019-12-03 12829 253414 6698 272941 210190336 33215479808 7023362048 210190397 32 55 6 93
2019-12-04 37936 253620 6705 298261 621543424 33242480640 7030702080 621543502 36 71 7 114
2019-12-05 12739 236590 4667 253996 208715776 31010324480 4893704192 208715850 33 68 6 107
2019-12-06 12040 284254 254 296548 197263360 37257740288 266338304 197263423 31 62 1 94
2019-12-07 13015 259444 0 272459 213237760 34005843968 0 213237821 30 61 0 91
2019-12-08 10515 280088 0 290603 172277760 36711694336 0 172277819 37 59 0 96
2019-12-09 11895 260823 2 272720 194887680 34186592256 2097152 194887756 30 75 1 106
2019-12-10 129768 272478 1205 403451 2126118912 35714236416 1263534080 2126118990 39 76 2 117
2019-12-11 12111 274239 1364 287714 198426624 35945054208 1430257664 198426696 32 68 4 104
2019-12-12 11802 278792 558 291152 193363968 36541825024 585105408 193364031 28 60 3 91
2019-12-13 11215 299154 874 311243 183746560 39210713088 916455424 183746625 31 61 4 96
2019-12-14 14973 259622 1729 276324 245317632 34029174784 1812987904 245317691 29 57 2 88
